1234  1234
3113  1234
5678  5678
6128  1032
6595  6803
1979  7158
4909  5163
7967  1595
8662  6915
6453  3300
4063  2688
4644  1332
3481  2736
8458  8317
2445  2411
8099  6667
1234  1234
4146  4800
8296  3965
5597  1828
3511  8741
1289  3701
6567  1942
6733  2318
8374  8497
1140  5699
2388  8630
8320  5067
2159  7337
4773  4279
8778  5817
4127  6684
4825  1554
6403  1418
4368  4070
2183  7895
6666  7872
4021  8236
1716  8396
3633  7039
6215  5803
8357  6387
2239  4089
4296  3938
5081  7013
8821  2908
2684  7991
5752  4428